016 Inda.

0οη1100100010011010010111110111. 00110, 000101001100100001110110111101
01001101111010001100,100010101,111. 101, 111.
0110111οκ 0111111, 111. 00100001011101101101101011111101101,
0111000100101. m
000010101000010000111111011000,101 vulne 01 01101101 101, 111.
0000101110010100111. 11011000.0010110101101,111.
01010100101,101.’ 1101011001το
1011000 0011010111. 11000101000001010011010101,171.
100010101010111011 111111 01001, 01. 1111001 bran 10. mixed grain 101, 111.
100101 101 110101. 1111001 01001 vs. 0010 01001 101, 111
1000101110Ιο 10 form 01 0100 10, m. 1111001 01001 vs. 0110011010 101, 110
10001111 001000101001110110 110101. 111101 101, 100.
1100 serap 101, 111. whole 0010 vs. 0010 000 0011 10001, 111
1000010010 1001711 101000000011001011000101,1·11.
1000010010101110011111101101,111 00000111 0011.
1100110001 111 1000101001θῦ. 0011000101, 200.
1101001000 vs. 0010 10001 0000100101, 00110000 101 ples, 001.
111. 01101000 0101001111.
gluten 01001 vt„ 0011000000 10001 101, 00011100, 0001010110 10 1101000, m
110 010001011000110,155.
110011 1000010 1110 10001 0101110010101. crude 11001, 10.
1011110000 01 work 00 quality 01 milk, 110111 0101000010 10100100, 011.
112 110111 0011, 1001101, 110.
10000 clover 1101 vn. 1101011100 hay 101, 110111 0011, Ameriam 1011000 101 1110 111.
m calculatius 101100100100.
1011010. 0111011100 0010 000 0100010010010010.
1100000 01001 va 0011000000 mul 101, 0011000000 01001101, 100.
120. 00000011 01, 101.
110010100010001011011000101,101. 1000100171.
liberal 1000101101, 170. foed 000 0010 01, 101.
1001001000 vs. 0010 01001 000 0100101, 101001000000000010101,101. .
111 period 01 gestamen, 101.
milk 01, 000 110 01-01000010111 00100100,0001101001001,111.
101110000111010111101,101. 10010 01 Εκρο110100181011000,1510
0111101 1101 101, 111 10110 01 101111 1101010 0001001101113»
0000110111 01 0001101 101, 101. 10101100 01 uve wolght 10 11010 01, 101.
0010100171. 1011001 101, 178.
0010,110000,10.0110010100100110. 01000010 1011000 101, 111.
,011 00110 vm 11010 101, 121. 11010010100000100.
ggmffifflnfflln tom 001ΐοῊο 8101100ῆο01ομ with, 101.
00101000101, 100. , Βο010110100110100101110001000101,111
preparation 01 1000 101, 101. 11001011 011-1000101010000000011.
1000100121 0100101000110010001.
100010 101 000 1001 01, 01 0010011 Bu· 00010011οο11.
1100, 1011. 1110010110, 1.
1010101111 000 11000000 10 00001101, 0110011010 0101101101 000 0000001110οω,
10101100 01000000110100 000 10001ιο10 111ςο011010 0111110010, 10101, 00.
101, 171. Ι)110011011111,0ορ100010010, 01.
10101100 01 mter dmuk 10 milk 11010, 001 01100100 111 101, 11.
110. Ι 0010000100 1110011, 11.
10010001 01100101 11010 1000101, 115. 01 0001000110 000000110100 10000 0010-
11000110’010101001001101101,105. 1100001.
10010 100117. 011000001001100000111101000.
10010 01.00000011010010000101,01. 01 100001, 01100100 by 00011101, 80.
110101, 171. 01 100001, 0010000100111011101, 110.
0011101, 171. 01 0111110010, 13.
0110110 10.1100011)100101,111. 1111001100, 0111110101, 11.
0110ςο 101, 117. 11110011οο 0000101000, 00.
01100010. 1000010010101,111. - Β110011001110101111011000,11.
11101010 1101100111 11111101 10 10001101100000010111011.
„mumma 0001100110 010110110110010000000111
0000100101, 111. 010011011110100011001000101010000111.

 

