101100. 651

111115011100100111110515. 0515, 1010111501.

quantity 11510011, 517. 1015110011, 119.
001005100101,511. 11011111,15.11110511110110100115,111

1100115. 50111, 10111115, m. 1011,11111101100111111,119.

1111015118. 1101515105110115,1011101505,195. ·
1010511051111. 05155101101,101011101510001,1011101555,
10111115, 511. m

11111 5101101-010010115111111111 vulne 0510 and 11055191.
01, w. 0511 and 11101101-11101111015,119.
11111 51111 511111 111111 1010015, 1111 0511, beans 510 0011, 10111110 151110 01, 101
nuk 5511111. 1101500291.
11111 111, m, w. Oli-bearing 500115 5111 111011 by-produou.
lsslk 5011,1111110100 0111115 11011 05111111 118.
01, 191. 01105110, 151110 0101111, 151.
111111 5011111110. 15.1151110111115,5811.
1015515120. ’ 15.ς11111ο100115,121.
11111 110101111110100 01 5110011111 11001 on, 011 05110510 011 meai, 119.

181 111 5 10011111 0111, 151.

11111111 0115111105 01 ewen, ffl 01111051, 500110151101 01, 150.
1111101111118. 101510015,151,1111.

1511510110, 118. 1011015001151
1111101 hay, 101 00115, 111 new-process, 119.

1111110111011011051111. 1015111015111001010-51111101001005..

1015110011, 501. 150.

50511111015111555. 511511111 11100055 01, 150.

111110 1111110, 1111. 500 1115000 moal.
11110111 0011000505, 1. 01011, 0.
110115505,101510015,151 01001101151110101011101,81.

11011 1110 0001 tactorym 0115511111,16.

1101011 151110 011100101111111101110 11 10011- 01011110 11555, 111.
1115111115111. 011,11151111011011001511011101,111.
11110,1110,110111110110111,188. 1151110110111,101.
1115011151 0110111, 5011100 01, ω, 01. 50081001.
11050115101011101,111 Ρ511111111,1
11111101 0100055111 1110 11011105 compared, Ρ1111-1110011015.111111 remigum.
515 Ρ1111-10111051,159.
11111011 und 111110 1511011,1111115100 01, 01 1110105110 11110518.
110511 [110010110111. Ρ1111011111111500.,11015001110111101100011-
111110101010101101 during 115111 10110110. (11101011 111,191.

1011111011 11111 101000 by 151111 5111111115, 11111110, 218.

Μ ’ 11551110,0010011113,111
111110101-1100011150111. 010001115010011-101151001501110111110
111110ςο1015 5100151005, micul-uon 01 519.

001005111011,15. 0001111111 10 510015 01, m

111110511111111001,11. 10501110115011,0111,511

50οΡ101011. 1010110511011
11111101151011111011111111110101. min-reading 510011 oum

111000111511115, 11. 1155101101118.

placing money 111110 01, 117. 1101010001011111111139.

1511151101 01, 11 0010011115ωο 10511111 001510111110501, 101110011000111, 181
5111115111. producing 1051 01, 139.

1111111οω115, m 11151115. 1111115101 510015, 885.
1111111101, 1111115110. 111101011111111111001110,115.
111111111011110, 100. turning 5110011 10, 519.
01111001110111115, 501. Ρω111011155,11011101,111.

ont min, the, 119. Putunng 510011, 158.
0111511111101511000510. 1111101110.
0515,551111115111111111001111011,111. Ρο511110511015. 11511101 piam

by-produeta 01, 111. Ρ551111 11051, 110.

10100115, 111 1011101505,101.

10115110111115110011,5ϋ. Peur 01101115, 218.

1011101505111 Ρο50, 101.
110110011οω5511115111010101,Μ. 101 01115115, m
5105111111οο 101, 111. 10511110 huy, 1111.

 

