⁴⁸⁶2

{aa 0010 5110010 100, ln
n, 15.
mmmmm. 1111100111
1110001010001005,1010101,551.
101 10000, 5111.
ann, 0100110101 1005 0001011105 01, U·
0111000101 101, 511.
0101000501100010111,511.
001100 01001 101, m

00110011. 0000110001 11110 10111 101,

01005 10110 01, 511
0001110001 101, fio&
0011000111 101, 511

0011010 11. 01000011 101, 511

0000110001 vm 0101111 01101 01111 101,

010101 hay 11110 10001 100111.

· 000100105 11110 101000, m
000100011100 01,·10.
0010 005 0111001011 mature 101, 517.

0010-1000051005 01001 005 00110

10001 100111
1110101000100 100 00001 01, a
0010 mul 11. 00111 101, 551
0011000005 meai 100151.
00110001 101, 5111.
5100011101 01 0010105 110010 101, 511.
00110 001111 01, 510.

011001 01 addition 0110101 10 100 1005

101, 5111.

010011 011005 00 100111 0115 1101101, 511.

1001001110, 111.
10111. 1000, experimenta 111111, 11.

· experimento 11110, 10110000001100

000001010015.

10011 101111) 0001150 01 0010 01, m, w.

1005 1011111 0000501110 10100101, 551.
1000100 01, 515.

01 putum only, 571.

1010000 1110 5001, 511.

1011011100 0010-1051141011, 00100 01, 511.

1005 01 support, 551.
10100011, 001110051ος 01, 111.
0010 11010 00111001 01 0010 00511.

010100 01001005 0010 11. 110001 101, 551.

Ρ101, 0010-1101001010 01010 10οκ

0011ίέ 01011100 0101005 005 1150000
0

’ putum 100511.

perunge 001001, 11010 0111111001οω
my, .
00011111 0010 11. 01010 101, m.
0000100515
0100000100 1005 101, 511.
00101000 101, w.
1000 101000 101, 511.
1100 01001 100511.
10010 101, 510
1100100110111. 11151011 0010 10011.
110 11. 001101 101, m.

11. 0001111000111111 01111 101, Β.
1001110101 11101 milk 100511.
10001 10001 101, 551.
1001101 101, 511.
11110 01111 105, 0010 11000111.
11110 0111110 010111 100515

vt 11000100 515
1001105 0100110511 10001 101, 511.
strength 01 10100 00001 01, 11.
100101010005 0010 11. 010111 101, m
11100110. 000101111101,511
turnips 1011000 101, 515.
10100 01 0010 0115 000 mal 10081.
10100 01 01010110 100511.
101110 01 1001101101, 511.
101110 01 10110111 10051110 utun 101, 81
110101 51001 01, w.

. 1100111110511.

1101001, 0010 015 1005 0001111005 0οη
01 01110, 515, 510.

1111001101, 551.

1100010115 0010 01001 101, 151.

1000101011 10 1015511001 101, m
10. m 0115 barlay 101, 511.
11110 0011 101, m

11001 101, 511.

111100 10. 010111 101, 511, 511.

10010 111111 100511.

1111110111. 10101001 1005100 01, m.

10000, 01010110 101, 011

100 11111110.

01010 10. 00011 01 different 10001 000- 11101 0115101000, 1010111000000101 01,.

1001101, 515
10. 01005 01005 101, 511.
11. 001105 00101000 101, ω.
11. 011 0010 101, 511
11. 110 100111 101, 511.

110 1005100, 0000110001 10 0101111 mh

01111, 511.

1101005100 experimento, 110011οῦ.

1010001101 100 0100501005 100501, 111.
10110111 110111 experimenta 110111

' 10000001111010110010 10111110001011110001.
10010000, 00010001110000501100101100- Ρ100100115100,1.

inmo.

Ρ1011100110, 1.

1010000001,0010001011100005001,11. 10110100110010001.

1101111 0010 101, 515.

100010 01 1111100100 001105 100151.
100010 01 1010111000, 511

10000011 11. 01010 101, U.

10001 00100 101, 115.
011551100110001010001100511.
0011005 100511.

0011100111.

1110111 0101110, 1.
11001 100 0001011111 1101150010οι
1101111110, 1001110 10000110οο01.
mant 0111, 5.
1001000110οω, 1101 01011005 111 100
0110011111.
Ριο010,01001001111100110110,1

00111005 10 0010010101,Ι.

 

