ool 10100.

8011, 10100110, 471.
101 sheep, 511.

811001, 1111001100 1111001, 111111 1001111001
and 1110001000 00011 101, 111.
1010101110, 117. 0010100010101,511
10000000 01, 00 protelo oonmmpllon, 1010101 lo pastore, 511.
41. 10.1010110101101100101,411.
80011010101110000010101,1111 1101010011 0011101, 511.
Scolon 11010111 011001 01011101,141. 1101111101 0010000 01, 4151
Bell-leod 101 1111100101 lambo, 411. 11001010, 101100101 00 0110110 luy, M
8011010101 01101 111111, 101001100115. 1111001101, 4111, 551
01110101 0 money 10100 00, 171.
8110111101, 1101100011 01, 511
1011110000 01, 00 10111 ylelrl, 485.

1111001 0010001010 1001111511
100 100101.
§hellen lor olgs, 511.

sheep, 01 American Fooslook 8110104111
01111110 hay 101, 515.

01111010 011011010521.

bran 101, 151, 411.

breed 10010 01, 411, 411.

001001, 111 1001010111100, 511

1011001100 01, 10 1111100101 010010, m.
necessity 01, 10110110, llll.
111100 01, 10100110, 411.

101 0111, 541.

Shephela 000 110011, 514.
8110010010, 10011101 01, 111.

0010ρο11000 01 1110 110110011001100011 8110110181.

1110 11011001, 515.
composition 01, 71,

10. 11110111 11100 10100110, 411.
0001110111010

0010 010000οᾱ ln 0001010011οο 101, 511. 8110100, 10011101, 111.

0010 101, 411, 121.-

00111 0111110 10. 10010 101, 111.

0010 010101 101, 1111

000101 1010, 515.

1101111010 01, 101 1001011000 11100110 01,

following 0100101010 01, 111.

8111101010 10 0111011101 01 011001, 411.
811010, m

11110011011111 01241
01100101, 011 1100111101 01111, 257.

414. 00 0111000001 010010, m.

dlpplng, 514. 10100110, 477.

1111011 blood 101, 511. 10110110 0100111511

(111 1000011011 0010100118. 101010010111.

110111000100110000 111111 1111001 101, 4η 1101011001 1101011.

exponam 10 000110001οη1 01411 1101101100οο 01 proper 1011000101 0100
1111100011, 1101111101, 411. , 10 10011101, olo. ·

1011011100, 514. 1111111 produced 11010 1111 1001101 111141.
10011 0000010011 by, 524. 00 1110 10110001 000 01, ffil.

10011 10010 101, 52 1010111010010010,0011 1111101, m
1001110111101000111. ’ southern 10 1101111010 00011 0010101,
1101100101) 100511. loll.

¹0⁰⁶ 011 51⁴· 11100 01 0011101 southern 0010 rom.
1000111100ωο1, 514. 10101101001010100110411.
11100101 111110 101, 111 , 11.11011010000,111.
10010010001101101100101,11. 10.10010101010010,111

1011110000 01 0101010 00 0010000 01111.
1011100010 bell„ 011. 8110100011 00010101011100110101111.
1010001011οο0 01111411. Β11111000111111101111010010,101011101001110
1001111 0110011101 11011011 0011101οι 01, ’ 01, 111.

111. opsloe 0000110111111. ·
0011000111. mugnano 1001101ωο, 1001111 10111 von,
0101010111. 241 ’
1000110100101,111.

0111101 1101101, 111.

00 0110110 1101 and 11010, 111.
0010111111 101, 111

0010 101, 411, 511.

1101101101 1001111100, lm.
Plolnu, 101100101 01, 511.
1010100111.

rope, 0010011 0100 01, 101, 111.
1000 10. 1110011000 0001010101,111
1010101111 0011 00101 101, m
1010 01 10010000, δῦ.
10010010101,113.

0111101010 01, 10 0111011101, 411.

1101111101, 0111111οη111 deplno, R.

811010 ond 10010, ‹ll-y 1001111110, 111. “·
snm, 0010 0011 10010, 110111 01, 111.
811010, 0010, 101001101 0010 11001, 01011000
10 00011010, 151.
0010, 11. 10010101 1111000111.
110111 01, w).

Β110,0010011101,111

11111010οᾱ 00101101, 111.

1101111101 ond 1111101 01, 58.

010ρο 101, ffi

1010 01 1111101, 111.

1001001001, 111.
Sllo 000011001100, 151
ello 100000, 0110100101 01, 111.

 

