354 m 51111 1155111115.

15 1155511515 1555511155 which passed through 111551. ’1115 exn-r
1551151155 1555115155,1115 515115515 5551 15 155 1115551555, 1115
gains, 515, 515 shown in 155 following 155151

M 5111151115 of 5115151 following 5155151511 55111 meai 51111 Kaffir
5511-115555 soalon

Lot 1, Lot 11 ΜΠ·

1511511111 5115551 {Qu

5155151 51551515 white
1515 1511 1151111 Kaffit

111551. 5515. mm·

Irbon 1155. 1155.

(111115 55155 1151511555 ........................ 1510 2551 2,480
0515511155 15511 5151111115 1511155515. ...... 105 1,475 1,812
(1511151 55511151 .................................... 1135 698 715
115511 5151111515 151 100 5555115 5155111 ...... 507 572 596

It will bo 5555 11151 1115555155 following 1115 5155151511 5515 5551
55115 100 5555115 51 55151155 507 5555115 51 calculated grain in
1115 1115551555 5511 1115 51115 5115115555 supplied from 1115 11511511.
’1115 5115155 following 1115 515515 1511 1151111 5515 55115 151551 gains
1155155 551115 5115115555 51 51115 51515 1511 15 1115 1155511 1555
155551511511155111551551515115515 moal. This 5115115 11151 they
55551511 5515 551115551 11515 1115 1115551555 than 11111 1115 5115155
following 11155515-1511 515515. ’“

1155155555 5555511555 11115 portion 511115 515511555115 1115
following words: “Tho 5155115551 proves 1551 11555 555 51111111
1151115515 15511 15 1115555515 5511 bring 551 1115 151115 15 55111
15 55551 155 55515 15115 51 151555 thal 511515 55111555 5515 5511
1151111 oorn.”

Such 1555115 15 oonjunotion 111111 111555 155511511 15 1115 5151511-
155 5111515 show 155 worth 51 Knffir 5515 15 1115 15511 151, 1151111111
55115555 115 15155 15 155 515115 51 51551555 51 1115 8551511551 15
1115111515 1111515 1115 15151511 15 5555115155111555 oorn oropo
though 5511151551 151 11115 55155551.

5411. 15515-1115 British 5155115155, 155 5551 1551151 1115 world
1155115, hon 5511515155 1155 5115515 151 1111155155 55155555 ‘llio
Amorioon 151551, 5511 55555151111115 5155155551111511551, 11115
55115 111115 5155 5555111155 For 5151551155 55 nis 5551551 wo

 

