[0000.

100011,10110000110110110111110,1

00101 required hm.

11101100 0010, 10000000 01 1010110111 10,
roi-onina 11000 001100 1001107.
rori, 1011101100 011000 00 quality 01, 011.

1000, 00111100 101, im.

productim 0110010010011.

011101 milk 100 110ογ 100, 0011111 01,
1011001010 0010110, 1000100 01, iocur-,m
101010, 111

001100 rt 001101010101, Uo.

1010000, 111.

101 0101, m

01000100, 1010011001ῑο

11. hay 101 001001, 110
10100001000000 011000 0010001111
Ρ1000001011,11.

11110111] 00011100, 117.
1001010111.

1011110000 01, 00 1111101010οο0, iii.

0010111101 0110100 01, 11.

100 000100 01 101, 00

658

11111000, 10010111 000000, 111.
1001 10111001, 111.
1011001100 01 0001010100 01, 00 milk, 117.
1000000001 1000 011000 00 00000100 01,
1100001 000 01100001, 10110111 0100110·
1100, 117.
1000000011, 101 1011001οι 010010, 111.
vido 000 0011011, 10100111,117,110
1000000001, 00 0101110 1110 111100-
111011.
1100010101, 110.
01010 01 10100 01001 01, 111.
000 clover.
1100100, 117.
Bennoi, 10.
nonno 01001001, 11
ampinana, 11.
01000000 01 00000 1011.
perminorem 10101 00101011,11.
1010100000 0000001111, 11.
0100011011 11101 with 01111, 11.
111001001100 01 1100 01, 11.
1000100000 01110100, 11.

11101010 000 0010000011101,11111001100 01 1011001001, 10

1000100, 00 101 1010101100, fi&
Proioin 1110 101, 1011000011 01 10001110, 00 101
1011001100, 07.
1001010 0010000000, 0
Proteia courum 01100, 11.
1011110000 01 0101000 011, 11.
1011001100 01 0010000000100 00, 11.
1011001100 01 0110000010101 100 viiii
0101010 00, 11.
1011001100 01 10101011.
1011001100 01 mixed 0101011, 11.
10100000 01 111100, 11.
1011011000 01 0111001 1101010011 00, 11.
1011001100 01 111101 00, 11.
111010Ιο 1000100, 0101110110, 11.
Proteia 0011100011.
11001010, 000 111110000οω 0001110011.
11010, 1000101101, w.
Poino, 1101000000 01, 10 10110 10101111, 11.
1010101110, 117.
10100100 010000, quality 01171.
111000 001110, 1111100100, 111.
11100, 101 011100 oon, im.
1010101, 071.
10100000, 111.
000000 01001010οω0, 010.
010 01, 111
11. 0100011100 0011010101 00000, 111.
11111000, 0110010000, 111.
100 by ,1111011000 0010010100, 111.
100 by (1000001100100110111011, 111.
100 10 Pario 01001001 Co. 000101, w).
10000100 000101, 111.
101 00110 0000, 171.
10010101 00110010, 0010010000,11ὶ
101 1011001110 100100, BR.
1011011001110 010011, 110.

101000100111111.
1010110010010001α,1.“1.

1110001010, 00110 01, 111.
11100 ond 110 ivr-products, 111.
11100 meai 101 0100, 017.
1100011100 mixture, 1010110011, m..
110011, 010 1001101 10, 151.
10001110 01, 111.
10100110, 177.
101001000, 1110.
1010100, 070.
101 010000, 111, 111.
01001οω11011 01 animai 1111011100, 111.
preparation oi, 211.
11011110 01, 111.
vs. 001ιο011110ωο 1000 10100111, 111.
01010 01, 110.
1100101000, noi generally 01000, 110.
01010 01, 111.
01010 01 0100111010 001110011, 111.
limisano 1110010, 111.
000 11000,Τυο11100,οο11011,010.
1000000017.
1010111110, 0100011110 01, 111.
101101100111000000, 01.
numen, 10.
1101010000, 0001110 0100011011 01, 11.
111100010100 coum 1011101 imm, ii.
1101000001, 111.
101 001000, 8⁰8.
1100101 00111, 171.
vs. brriey 1010100011.
10. 0011111111οα1 sirim milk 1010100010.
001100, or 0 0000111010 100 0110, iiii.
1100100 0011ογ vr. 110001 01001010100011.
1100 0110 110 try-producis, 111.
00 110011 10000, 111
11100100110010. 1110100 00101010100, 011.
1100100010 vs. grain 101 0101, 010.
soliva, composition 01, 11.
1001011οο 01, 11.

 

