10000.

(11000 1010001010 mmmcm-
1100001100, m.
101000, m.
01011010, 117.
1001100117. .
11100111,111.
11010 10001101101,111.
(1100000, 0111010011, m
1010001011000001, m.
000 1101 000 1001010.
61100101 11010111.
101101100101011000,001. ἱ
1110001101 0000, 01100101, 111.
(100011 000 1011011101, 10000000 01 0100
0110 001100 1011000 00, 11.
110111 10101, 111.
1101110000 00100 101 00111100 1110, Μ.
1101, 111110
010100 01, 101
0100101, w.
100100001010101001111100100111111
timo 10 00111000101, 111.
110011000101111.
0010101100, 1010111100, 111
000 11100000 000 10101000.
1101 000 0010, 10101100 00100 01, 101 bonu,
1101 000 10101000 101 101000, m
1101 01000110001011110100 00,]111.
110100110001100100001101, 111
1101 making, 100000 000 100001110ήο1, 115.
00101010, 111.
1101 100 1010011100, 111.
1100110οι10 101 1010010, 10 110100 000 01,11.
1100100110 01 10000, 1000001111οο1 01, 11.
11001101 00101 1010000, 111.
11010001 10011100 ’10110100101101 0010001
01 1000010 01000000, π.
flemma 0010 00. 11010 101 pla, 1η
11010 100010 101000 1001, m
11010111000, 110
11010, 000 .
1100010001
110100 bem, 111.
1101000, 0010100 101011 00 10001οι 0010 10,
01101,1011000101,11·1
0111010100101,107.
101101 101, m
11100 000 010110 vu. 0010 101, M.
1100, 011001 0110 010110 1011011 000
010110 101, m.
firmo, 10001οε 01, n
emta 100011. ·
010001· 1101 101, η.

111001, 1110, 11.

0000000101001 101, m.

000100 1000 100111.

0000Ιο01000 0000010101 0010 101, ω).
01100 1100010* 110100 101, Μ.

01100101 0101011100 0000111000 00, 111.
010011ωο010ίο 1000101, m

1000 000 0010 01, 111.
1000ωο0010000000011101101100011,

’649

Honos, 10000101, m
1000 0001100 by, 101 001101101οι 0011,
1000 1000100100101010011311.
1000010010 101, 1111.
German 011111, m
10110110οω 010101010010101).

0011011 0110011 101, m

100100 0010101, m.
10000000 01 1001011101 0011, m.
1010001011000 0000010101, 111.
1000 01001111 01, durius 0011, m, 0)).
1001111000οω 1011οο0 torm
010110110010 101, 111.
10000011οι 110 0011 01, 111.

1011101001 101011οο0 10, 101.
001110010 required 101 1001010110οω
000 0011111.
0010101, Μ.
otger 0100011010101101 11010101ωο
0101, m
Pari· 0011, 1011000 100 10, 011.
Ρο11001001100, 1011000100 10, m
100001 10001 101, 111.
potamon 10. 101 101, m
preparation 01 1000 1011111
protem required 10 100101000οω 10-
11000 101, 181.
10010 01 1000101010111101,111.
1010 01 1001001001, 111.
1011000 101, ms, 111.
10101100 01 10000 10 0011 01, m.
10101100 11101110 01 110100 1001111.
results 01 0110011011 111010 0111, 111111.
10010 1011111.
ruta-bam 1001111.
01000100 00101000 101, m
010101101111.
0110010011.
0110010111, 1011000101, m
00001101001010010101,111
01010100110 1000101 01, 01 11111101 110-
10110υο0, 111.
111110000010 0100110011οι 101, 11.
11010111 101 101, 1111.
10110000 10 00111101Ν1.
0010101001 by, m, w.
01001000 11100 00. 0010 101, Ἠ.
0011 00110 hym.
011001 101, m
0011, 001011000οω 1011000100111.
0011, 100010101101.
0011, 1101111110 10110 101, 111.
Hono 1000101, 0000000101, 0 0111100 011, 1111.
000011101οο 011111
1101001000101010011100010, 171, Β), m
Ηο100 10000, 0110111011 01, m
1100101100 11000111
000 1011101.
11101001101100010 10 1000010100, 11
10010000 0011ος 1011001οι, mmmmm οι
100100 00111, 000 (hm.
100011101100,11

 

