1111155. us

Ι175111, 111. corn 1111111, 11511111 51 1151115511 51114111
5551551555551 1555151. 1115151111, 151
5155555545 55155155555151151511, w. 1111151511-115151111511518.
55155511511151151551551551,541. · 5515555515111115111111151, m
515515551555,111. 15515515, 5551555151111515,Ξ5
11551 1115151 11515511, 111. 11.1151155111,151111111,111.
55151511115551115. under 1411111555 5555111551, 170.
5551551411511 51155151515111111151111 0515 11155551, 5 new, 175.
51111.155155,15115555,115. 05151111151518111115515.
15115111, 471 0515111151, 175
151515515155155111. 1515151 exponunt· vim, 111.
151 551151, 1111. 0515 115151, 174.
1515115 151511, w. 15155111, 417.
1115511511551151511551, m 151 151111, 551.
151155511417, w. 75511155115115551575111511515511.
151 115511, 111515 1555155 51, 1555111- 411.
11155555, 151. 155 515151.
rotumnam 0515-115155111515,15515-551155,1“15.
1515115555515515111155111511. 0511555151151111155, 114,
51115155 555 minem! 5151151111, m 051151 5511555 11551, 1181.
155115151151151,7511555151,ω. 0511551555154.
1155151151 51755151, 511 5511115155.
1551155,1ο1115511,541. 5511551151155.
111115 required to 11511 15155115 11551, 15551111 51, 154.
w. 151-1151115155.
11511551515111111, m 1515551115511511511,151.
15 1155155115115111111111. 051155 1555 5115 111 51-111555511 1515511,
115515 vs. 5515 5115 555 111551 15155111, 411, 475.
411 05115515555115 5511554555 111551,15115551
115111 111 15551111 15 55111, 411. 51551, 158.
0515 555 5151111511 11511515 15111111, 571. 0511551555 55115 555 111551, 115.
051555511151-1115511511,111. ⁴ 051155155555111,151
0515555 5511,115115151,11“1. 051155-1555111551,151551111,15”1.
051555555515551,121. · 1515511155111151.
151 11111, 571. ι 1515511511, 155.
1511115511, m 151 11111, 157.
cnm 51-111555511,171. 1 111555151511 1515511151
151 55111475 051155155511155155555111151111511Λῆ
corn 11511, 1511511151 1115511 15511. 05115515151151155151,111.
0515 5511, 111. 05111, 1515555 111 1551111511 51, 51151115
0515 555555 55155151115511,141. 55511111] 5115551417.
051555555515551, 1511111511, 1111 , 51555515711515151511551, 410.
0515 51511, 5515551151117. · 555511111555515111111155 51, fl.
1515115555511115151111,151 barlay 151, 474.
15515515 51 1151115511 during 1115151111, 51511511·1151111151,114.
155. 51-111555511 515515 151, 475
15555555 5115151555 54 1115111151, 151,· 551555151151155171111155151,58.
151151155515-551151, 171. , 5111151151, 411.
0515155551,151111111515551111551111 51, 171. 5151515111 151, 475.
1155515115. eonoemmgroefflmtumom
551 1555515511. 55555151551551151555155 1155551475,
051515151515111115 555 15155555, 111. , 55515111ρῦ55 57 511 1115115151,111.
155511, 1555151, 171. mmmmm&
15551151, 171 5515155171
11555151, 171. 5515 51551155471.
0515-15511151115511555155 5511515151 5515115111151, 171.
05111 15551151551115 551511515111551151,05.
only, 151 55111, u. 551155 1555 5115 11151-111555511 1111, 415,
51111,15111111,75,11. 475.

1155151515111555. 551155155515511115515515155).

155 0515. . 55115551111151551111555511γηᾶ.
0515 115515555151115151515157. 1511551151,πᾶ

5511155555 57 mmmmm. . 15115105151115415 1111511115 'm

1110551115, 175 , 551111515155555 5151115111 5ζὶ

 

