2048 [111100.

famu, 01001000, 1111100000 om. 10010, 0101011100101000111 01, 111.
10011100 1101000, 011101 01 mmmmm 000 0011
10000111 roddan, 000100, 0100010111001Ι.
1100110011οἠ 110111, 111. pulling 01171.
1000100101 11001111. 0010001 0010000001001, 1011101000, m
moollghmhenvml. 1001010010 111110111ςο100111113100101111.
0101010010 00 00111, 71, 11 111.
100010001010110001101110101101010110010, 11011101 00111, 011100, 111.
117. alge-nomo 01, 11.
0101000110110 01, 17, 111. 1010000171.
101100001011 01, 111 Amnum, 111. 1011101000, 111.
01010101ωο10. 101 00111110, 171.
l'eodlng 0111110, digamum 01, a (110, and 1111ος0, 10101110 11101110 01, 111.
1011111110οω0001000100110 (110, milk produced 110111 11] matur
1010000171. 111111
010001101101000118. 01000,00010101001001110110,111.
money 00111001 1111110111 nummio, 0011111011101111010100000111.
111. 00000111 10111101.
nutrient· 01, 11. 1001111011001001111011
10100100011011111011100011011100111010, 00010001,οο11110000101100110110110111,
1000100101000110111100111 Food 0011101110110001111111100111.
ming 1011100,0101001111011 01111 100110001101110111010110011,11.
10011 100011001010110111111, 71. Fungo, 1000111.
10000οη010101111111101011113101101ηῶ 000100, wlthholding 01, 110111 mm!-
101111011101101101111110 0101110011, 1). 1101110, 11.
1011110010, 0010100101111, w. 10100, 0100001100 011.
0000111101 0000110001001111 101011111οο0111000110000οΑ1
rotonum consumentu 111 10001110 0111110, 1001 00111001 1101101111, 111.
1011101100 01, w. (1010,οω101111110010,100100000 011111 ago.
1101011000. 111. 111.
1101ᾱο01100 0010, 100000 111, 171. 1110100000 ,1111100011 01 totunm ι»
molo 000, 111. 11011111.
0011101011,0111001,1)ὶ. (1001110 (1100011011, 11.
111011 001110, 111. 01 111111111011111,111.
10100100, 431. 6001110 111111, composition 01, 11.
101 monning 010010, 111. (11110000, o
1011111000, 111. (11111011 foed vu. 00111 1110111 01111 bun 101·
1101 11111110, 211 00100, 111.
,moror 1111111,1101101,010,1010 moenem Gluwn 10001 n cotton-mi meu ror 0000
00111. 111.
nn 00011, 111 1011110010, 151.
1010111000, 141, U. (11111011 111001 0111100111 00. 0111001 111 01011,
flu 011001, 111. 161
,110011 000000010011 (11000100, 11
1110011 formation. 1110111011 01 0101101οι, 11. Graiu, reeolng, 10 00100 011 00011110, 111.
1110011 11100111). 10101100101001000100111.
01011010000100,00 10101000001010100011111011.
1011110000 01 wido 1101 0011001 10110111 101 10111110 1101010 waning, 111.
011, 47. modios, 111.
1100110111, reading 01, lv. mixed, 01. 0010 10100110, 111
low-grado, roeding 01, 111. 101011νο 11101111 01, 101 nomm
31001,00011010101,111. 10000101010100,111.
0104101015. 0011011011 001010001010100,111.
0110101001001111. 00. blood 111001 1010100, 111.
000111000. mummolo tor 01011111.
10010, 111. vo 1000101101010100, 113.
100111110,0010’11111111101111ι (110111-10001110 00100 011 pontum&
· 100100001010110011100114. 010010 011 0001010111
10010000 111 1101011101, 111. roaldus! 01100101, 111

Ρο10111010010111011000111ω11. (110111 100110 vs„ 0111111 11111101οῃ8
1001111ςο0 11001117. vo 011001010101, 111.

tmmnmoightatbltthm 0101110110111001000110111000100111
waning, ⁸1⁵· dry 10010011, 111

 

