stur, 181118 08, 878.
80018108, 881, 881.
1811800887.
111888 800881.
111188 11 80018 108, 888.
101188 80111 108, 818
11108 8811111888 108 8080 80 0118 1118011811,
1080108 80 08811118, 888.
votor 888οκ 8118108 8888881118, 888.
18188108, 881.
1111811 11880 808, 881.
1118118 018111 808, 818
11800018108 008818 8888 81010, 81.
81888181, 81180101 001800 1888 00, 188,
81881· 18818οί08, 81818011181 01, 818.
10808008 8811181188 108 00011οα0801,
88111888108,1108180118811 (81818 (10, m
01088 8888011οο monimum.
8088018810 1088811881 111811 1188, 888.
domando ot modom 1018188888.
11108088 10, 881.
1888 108 100881.
18811 880118 808, 811.
1011-088181188, 881.
181811, 88111188 01, 818
111188 1100811880 88811008 11818 1011011,
188 01 808 088118.
8801080118 08 11801 80110811, mptum 01,
810181, 171.
808 1108888, 881.
8810111 08 8118888108, 811.
888 0080 880181.
818811, lm
8111, 818.
8081108881, 811.
80888, 888.
801· 081188, 881.
8088111888, 818.
808 811880, 808.
1811188117.
011111. m
800801884888 0818, 181.
18. 88810 1080181, 888
8000081, 8008 081080881, 8811
811888 1118010, 818
811881811 010188, 188 118118.
1111811108 0800888, 111811 11111888 01811, 188.
811108, 880110118888100 01 18881 80, om
1188180 101, 810.
bron 108, 818.
118088 18888 01, 818, 811.
1181188108 88001, management 01, 811.
010188 hay 108, 811.
00080801801808, 818.
01101111181088 108, 218, 515.
00010011 0111188081 108, 818.
0008011188 8001111.
88180 110οι0811088 808, 811.
8888 108, 818.
1888108 0080 10, 811.

Inda.

811108, 118111 vo: 1181110 1888111808, 811.
management 08, 811.
0118811081 108, 818.
08880118081010188810811081101,81Ε
0811088188, 818.
0881 801, 811.
period 08 8811111011, m
0088118881108 111111, 118.
1111881808, m
188 Pleu.
11811011, 10 0880881 08 118811, 88111100 08, 80
8881188 11818111, 878.
8808108818).
’1111811 1101188 01 0181, 1188118111 01, Β.
11010800, 08 118881 81811, Μ.
01818 08 1180 808 00108011 81010, 181.
’11100800 1180, 8080011, 178.
108 1108108, 818
11. 10888011 1018811 1110 108 80111, fl.
1801888, 18811108 8118, 881
‘turnips 11 111180 108 0181, 888.
1101808 0801818 1180 11. 11100880 1180 808
00111, 118.
118108, 0010008111οο 01, 18, 81.
volumem 01 0118818011 10 18881118 utun.
Vool, 8188011811ῐο 8888108100811.
1888108 108, 818.
0108001100 08, 00 08180888, m.
vool 10811108, 8 80010111081801 01, w.
1118 Dutch 1011810 01, 818.
8881010 00 111880, 821.
111111, 18.
11181ωο8080οω 10 1111011811οο 808 88881118,
11111188, 8.
1118οι 110 1181180108 11110818, ss.
1101108188, 188, 181.
110 01811, 888.
8880108 88818100 08, 10 8888 808 m
81180108, 00 181 000100108100, w.
108 00110178.
808111800, 818.
10808008 01, 00 0101810 consummo,
10 8118 80111181 11080, 71.
118801 18. 001810880111, 111.
11111181· 81888088, 88
81880108 1010118811.
81818111, 01 1108181, 1881881οο 111, 181.
101008, 10 1108808 808108 110811, ‘m U
08 01811, goin 808 8ω8 0001110188 baffi.
1811081, 1081888108, 187.
8081108181, 8111.
108 0188, 888.
801 111800, mm ·
English experionoe 111111, m
808 811108, w.
111881, 101 0188, 881.
88101888, 128.
1118001180, 108 1118110881.
1111881808 bran 18. 0811 1081101881, w
Wheotnnd 0080 10881108 0181, 888.

 

